0.8385089152043292  0.8485057843004142  0.8576787335969129  0.8661797137424401  0.8741170750895435  0.8815679218159858  0.8885870437584344  0.895213432462242  0.9014750602896129  0.9073923834862399 
0.8960793610604014  0.9003522448720105  0.9045178816868429  0.9086215718307358  0.9126904191734866  0.9167383559915834  0.9207698814893774  0.9247828664601911  0.9287706779068685  0.932723787926534 
0.8831891640838876  0.8841706111807071  0.8850812481032335  0.8859862819745103  0.8869298618251378  0.8879405801994835  0.8890355411276687  0.8902234124716415  0.8915067362509035  0.892883691127281 
0.871378706741325  0.848760742866034  0.8281626964921998  0.8094913851195997  0.7926656401659784  0.7776103349269761  0.7642525524133816  0.7525192663761118  0.7423360875154685  0.7336267488799422 
0.8763583045251835  0.8812863124294381  0.8858251236083561  0.8900667596399217  0.8940778715359556  0.8979063256592781  0.901586039779886  0.9051405815157523  0.9085858729631582  0.9119322353294592 
0.8482642015596866  0.8172086632393984  0.7887689385538579  0.7628191707804035  0.7392518498941172  0.7179695524323506  0.6988795394236149  0.6818903794610378  0.6669100012695708  0.6538447466014077 
0.9005791565764412  0.9091041174870043  0.9170737979511614  0.9245767305228583  0.931671820847896  0.9383973966450867  0.9447777330397003  0.9508277764357445  0.9565565641933063  0.961969681305618 
0.8601412554580747  0.8426241290781036  0.8265397327645587  0.8118570221936352  0.7985437752254256  0.786564803323472  0.7758810195819024  0.7664491232967521  0.7582217119406778  0.7511476797512842 
0.8661102914115872  0.8494087808012409  0.8343281016468609  0.8207932755508409  0.8087349383627043  0.7980862199869989  0.7887808631458029  0.7807522082257492  0.7739327715635227  0.7682542227425984 
0.9266473187958582  0.9154738248353169  0.9057202155131563  0.8972845529328879  0.89007697520492  0.8840152609227516  0.879021994897812  0.8750228351150326  0.8719455330683559  0.8697194612691419 
0.8778210119235155  0.8756212200305526  0.8738257674153829  0.8724614629600183  0.8715387520792319  0.8710554575154674  0.8709997268815641  0.8713524104732642  0.8720890046843124  0.8731812533264929 
0.9100450895048198  0.9072284804447008  0.9048176405199229  0.9028219290676134  0.9012387295579174  0.9000566567519854  0.8992580074718717  0.8988206718786387  0.8987196368057084  0.8989281767489956 
0.8904660657376553  0.8949396194393557  0.8991517464105527  0.9031702053525805  0.9070389030634942  0.9107850154814514  0.9144241431349656  0.9179640663260216  0.9214074803830954  0.9247539790508199 
0.9253789572389906  0.9414154726946435  0.9563916202737346  0.9704032743056814  0.9835200188090312  0.9957935256679775  1.0072635225023987  1.017962030817671  1.0279163478012379  1.0371511108255618 
0.8788523660095962  0.8688619447148085  0.859753580853976  0.8515157063638981  0.8441318964933089  0.8375811068717667  0.8318380680052542  0.826873791403159  0.8226561419596692  0.8191504367832749 
0.8843780336028431  0.857985547653243  0.8338891623802738  0.8119539956815061  0.7920680175229791  0.7741331332258596  0.7580592259350851  0.7437602825903014  0.7311519911681899  0.7201503701467118 
0.8719241575076921  0.8401672371778659  0.811346121691713  0.7852986802513442  0.7618883170366644  0.7409929622904201  0.7224978454960365  0.7062909358101024  0.6922602688664483  0.6802925949123164 
0.879155148926202  0.8941136594976342  0.9078732734710684  0.9205879834698862  0.9323683951570274  0.94329511253909  0.9534282653098671  0.9628142960341393  0.9714907871680225  0.9794898504046614 
0.8574723990873281  0.8317605238685246  0.8081780592860923  0.7866275874935127  0.7670217282120575  0.749278586384662  0.7333188307129603  0.7190639335985907  0.7064352290999523  0.6953535293300774 
0.8694854961922829  0.871460209246834  0.8732365925366139  0.8748947165336176  0.8764914800722181  0.878066591093102  0.8796469706326207  0.8812500388112312  0.8828861954734748  0.8845607063526586 
0.8620424919386096  0.8512317791710302  0.8414466935355449  0.832678719606065  0.8249132899513825  0.8181294971846  0.8123002502234158  0.8073927370501224  0.803369092446701  0.8001871875635516 
0.8808455963217057  0.8582538358482452  0.8376737723856422  0.8190047370508182  0.8021586125923932  0.7870542093710355  0.7736136396474649  0.7617601017077504  0.7514166495352583  0.7425056457495884 
0.8861800750432849  0.9086000779539063  0.9291572267634365  0.9480523163447288  0.9654348730541642  0.9814191150198894  0.9960952514334167  1.0095374826082661  1.0218096243565924  1.0329690140370076 
0.8932416359639319  0.9034862769485699  0.9130835697610564  0.9221264848938517  0.9306767058169498  0.9387743201214107  0.9464447920081511  0.953704002239192  0.9605618819441588  0.967025011237638 
0.892807740770877  0.8758588537589276  0.8605504649390241  0.8467883777516363  0.8344908044418844  0.8235833744206502  0.8139958865567678  0.8056602735027809  0.7985094162550013  0.7924765381753787 
0.8549375271704776  0.8269981745693258  0.801453951977237  0.7781934157319483  0.7571207775263247  0.7381485035270998  0.7211925081660411  0.7061691899648395  0.6929937650065767  0.6815795020506812 
0.879224255198551  0.8641394122637394  0.8505527100405743  0.8384005138836983  0.8276237780987685  0.8181648322088222  0.8099654720044782  0.8029659661233381  0.7971046922543792  0.7923181958844907 
0.8870711248855514  0.9019324299047184  0.9158374116245795  0.9288998427482511  0.9411968162621633  0.9527802791112663  0.9636853112997414  0.9739360770445273  0.9835500908329777  0.9925412357038113 
0.8600433142246402  0.855369549165971  0.8511098439212219  0.847306565038707  0.8439846656151531  0.8411554511676513  0.8388195055554206  0.8369690303843527  0.8355897470628406  0.8346624696796425 
0.8780669722373204  0.8777842460094689  0.8776839706488317  0.8778158664322291  0.8782072219364636  0.8788688367631039  0.8797994711617321  0.880989237490212  0.8824222180428478  0.8840784934873227 
0.8818366280215741  0.9070554014292611  0.930038455970589  0.9510257993551932  0.9701987316666418  0.987698187596834  1.0036376641151037  1.0181123179640963  1.0312053206084784  1.0429922335570154 
0.8902565242815399  0.8743313166687585  0.8598013756713954  0.8466034555599435  0.8346786310889911  0.82397016500272  0.8144222184100727  0.8059791495484205  0.7985852198189605  0.7921845658879647 
0.84586652795997  0.8395347062796645  0.833494416279791  0.8278164180237582  0.822552041155177  0.8177370422740751  0.813394570244327  0.809537520518461  0.8061704416977591  0.8032911157883973 
0.8676440197300508  0.8613236385995151  0.8556209573484921  0.8505524114739274  0.846122595140514  0.84232643271298  0.8391509828320523  0.8365769810061465  0.8345801790583209  0.8331325125695912 
0.8305606174358218  0.8058021269002893  0.7830644673263123  0.7622888238447558  0.7434207914488979  0.726405998133032  0.7111874518373043  0.6977041242234918  0.6858904051759964  0.6756761570873095 
0.9098755869476918  0.9075307374982913  0.9053529001844254  0.9033782942456128  0.901630985571046  0.900125611520707  0.8988694555009715  0.897864061601922  0.8971065133855518  0.8965904609735844 
0.8929231609031376  0.88034724670797  0.8690412705127528  0.8589416019967757  0.8499918024776889  0.8421390294492994  0.835331781421246  0.8295185735901214  0.8246472578625799  0.8206647848996909 
0.8753782259700529  0.85154220950335  0.8299292547540063  0.810425381594996  0.7929314210796292  0.7773562467477859  0.7636124087989629  0.7516134635748131  0.7412724939908912  0.7325014591365289 
0.8914118797188166  0.8767404378190804  0.8636179420623193  0.8519577590627705  0.8416834039858259  0.8327240133335181  0.8250114681081868  0.8184786663364321  0.813058592321795  0.8086839353254618 
0.887831619098506  0.8791505585381856  0.8714922820772699  0.864810973749627  0.8590619035508098  0.8542000308771094  0.8501792953720724  0.8469523821677285  0.8444707923226815  0.8426851122371772 
0.8675457141212064  0.847805041790707  0.8298370057545981  0.813575148414202  0.7989584335596192  0.7859272303412581  0.7744208714266279  0.7643763386372484  0.7557277259102193  0.7484062448188524 
0.8991431557283249  0.8736744066036408  0.8506661909732429  0.8299538665219188  0.81139789450026  0.7948748605995206  0.780271466454451  0.7674806112058832  0.7563989378227234  0.7469254064390043 
0.8596146913200755  0.8241565404327957  0.7919503630737381  0.7628109990841949  0.7365857880413387  0.7131408382506379  0.6923519458368901  0.6740987872840378  0.6582614264912081  0.6447184494786597 
0.8843887607904435  0.8685400917293009  0.8543719941062591  0.841800601407158  0.8307517991293025  0.8211559718993158  0.8129447387191249  0.8060490708871839  0.8003983670719208  0.795920185867999 
0.8690657333577292  0.8447708031790171  0.8224775096787198  0.802101253476394  0.7835686735334093  0.7668119869217662  0.7517653357931522  0.7383625567522358  0.7265359586731392  0.7162157959564865 
0.8620267413275542  0.8526282787270247  0.8441518288427687  0.8365911878545376  0.8299335599313054  0.8241596941420539  0.8192443095513227  0.8151567233003334  0.811861599155236  0.8093197630623763 
0.8753647924581855  0.8730869397718379  0.8710174574057419  0.8692033519228062  0.867674929473651  0.8664496654578215  0.8655351457455254  0.864931347633501  0.8646324383480533  0.8646282103322847 
0.8671211412488447  0.8491711693441175  0.8329112801752672  0.8182656257472445  0.8051649790318152  0.7935430575171267  0.7833342719741268  0.7744724664312344  0.7668903459475587  0.7605193703179793 
0.8864327879027769  0.8723606442740675  0.8593701609843265  0.8474399512565469  0.8365485613135206  0.8266728404564674  0.8177870147446811  0.8098622654629253  0.8028666623463323  0.7967653409182276 
0.9041934713204682  0.9025736354815308  0.9011395536444979  0.8999219718530185  0.8989392340445193  0.898200235013519  0.8977066717611706  0.897454788590494  0.8974367538517072  0.8976417553762985 
0.8568776778779466  0.8407426016547106  0.8260110750743479  0.8126583404246048  0.8006574036912752  0.7899770282901954  0.7805807231361541  0.7724264418866369  0.7654667804613382  0.759649502677803 
0.8664528187282485  0.8635171880596317  0.8610495836987866  0.8590919800221855  0.8576629362651147  0.8567632883577971  0.8563805296657847  0.8564922706077596  0.8570690112637749  0.8580763836275764 
0.8899991373241392  0.8815789808895715  0.8739239151723268  0.8670219727637232  0.8608583764189461  0.8554150857307832  0.8506706974990266  0.8466005932527878  0.8431772508865834  0.8403706603176033 
0.866300836465598  0.8357974056398234  0.8079263086242463  0.7825349351342084  0.759495106761733  0.7386937032229071  0.7200263923741659  0.7033935487957024  0.6886977197141277  0.6758421788763371 
0.8803134450417929  0.8545377395907963  0.8313806802616455  0.810688861887229  0.7923316381252334  0.7761912341502466  0.7621563300185699  0.7501180807034871  0.7399678456895344  0.7315961025651632 
0.89834374297061  0.8985160107963566  0.8990945147534148  0.9000751451990254  0.9014420823118598  0.9031711031057057  0.9052321664271403  0.90759145586253  0.9102130036317249  0.9130599782120044 
0.8823424355418865  0.8587369548499737  0.8373178411929985  0.8179742344950682  0.8006086026794037  0.7851305479230177  0.7714528512597099  0.759489101231793  0.7491524238171223  0.7403549787554766 
0.9204393396644264  0.9236964587748844  0.9267416670136299  0.9296151459657267  0.9323463059658934  0.9349566117689392  0.9374616638397129  0.9398727412653898  0.9421979518160697  0.9444430957100849 
0.8582160248815853  0.851410993646823  0.8454037729402444  0.8401932838169159  0.8357711914650281  0.8321220311913748  0.8292236665133714  0.8270479744178374  0.8255616670167001  0.8247271854438623 
0.8860981750567589  0.8626841525015152  0.8414272743275433  0.8222039450456577  0.8049100921957688  0.7894531800875484  0.7757469317298273  0.7637079589912901  0.7532537360143579  0.7443015113185538 
0.8400003483834553  0.8095705899368113  0.7817816413021319  0.7565305757075294  0.73373050625014  0.7133012281869924  0.695163211210911  0.6792339839930719  0.6654262161814586  0.653646996068801 
0.9105225250514195  0.8747079775216662  0.842336392132438  0.8131636454468207  0.7869867667600374  0.7636294335302409  0.7429321866434293  0.7247459618529319  0.7089279642636939  0.6953391872057182 
0.8720324484156663  0.8708002512626081  0.8698651780046021  0.8692528588571804  0.8689734452796074  0.869025645102738  0.8693997935038169  0.8700802278631272  0.8710471403160227  0.8722780331559079 
0.8884148185243248  0.8960425063955881  0.9031567239580909  0.9098455479725089  0.9161703693016534  0.9221735863898175  0.9278841782302152  0.9333217730759316  0.9384996211415455  0.9434267697529322 
0.8720003104585885  0.8575971804098117  0.8446938682923246  0.8332262308736063  0.8231321340813338  0.8143494195915082  0.806814818048224  0.8004635194683942  0.7952291822184634  0.791044227454222 
0.8822721783085399  0.8958231056076329  0.9083149115472224  0.9198823738788633  0.9306237914424855  0.9406119481272981  0.9499019538666289  0.9585368626344462  0.9665516884442695  0.9739762532021814 
0.8743833376533985  0.856464768947717  0.8402905102648219  0.8257720078277089  0.8128299957693343  0.8013901162039474  0.7913801645063359  0.7827284707545914  0.7753630692682236  0.7692114059100277 
0.8763943799622211  0.8820928603026914  0.8873456276987781  0.8922520631072075  0.8968811298686887  0.9012800451282601  0.9054805617060993  0.9095035590880798  0.9133624128103293  0.9170654677300263 
0.8948563236353948  0.885564290768798  0.8772368081949935  0.8698422440043032  0.8633474964594825  0.8577172876548502  0.8529139284323719  0.8488974057863743  0.8456256808412945  0.8430551098408614 
0.9099368755855721  0.9095559723014048  0.9094468581711226  0.909613991524111  0.9100511797701074  0.9107449655684832  0.9116771326066555  0.9128265728904807  0.9141706812542907  0.9156863832990894 
0.8792126140619985  0.8640411105679959  0.8503201614312275  0.8380002618114304  0.8270330652826487  0.8173690273461034  0.808956121967185  0.8017393154646015  0.7956605558783849  0.7906591055834724 
0.8807071426699622  0.8761715691830432  0.872356140199372  0.8692594689396174  0.8668666207959177  0.8651521674696596  0.8640826880296117  0.8636188597492946  0.8637172290705166  0.8643317141909392 
0.8845578461964578  0.8727466667855879  0.8619458340226629  0.8521368597630499  0.8432975373179943  0.8354017301880958  0.8284194683878923  0.8223172627263011  0.8170585650109388  0.8126043053866852 
0.8845105520604193  0.8813311154844996  0.8786034913837284  0.8763401684414021  0.8745425398578845  0.8732032818270454  0.8723082768970016  0.8718381981075254  0.8717698345330973  0.8720772031924753 
0.8425372434439851  0.8378122358849396  0.8335017235717714  0.8296701169238077  0.8263591301110864  0.8235923881043163  0.8213790378849808  0.819716663557756  0.8185936914956073  0.8179914045681471 
0.8651455192771209  0.8593285664924224  0.8540046677771898  0.8492006800574927  0.8449305064696091  0.8411977245109483  0.8379976761884791  0.8353191739238355  0.8331459196788273  0.8314576963753098 
0.8646291846398526  0.8481601310527367  0.8331102951169669  0.8194435818118109  0.8071230543564525  0.7961091550541823  0.7863587896358695  0.7778250252372345  0.7704572151246794  0.7642014028610902 
0.8637732270663037  0.8579217090946258  0.8526538963460553  0.8479931458041392  0.8439489942029468  0.8405198310410924  0.837695079193054  0.8354570194578628  0.8337823448400741  0.832643498057223 
0.8636200719056433  0.871799564639332  0.879184888063719  0.8859089700727054  0.89207325927282  0.8977559524155367  0.9030179717215105  0.9079073563552811  0.9124625064177962  0.9167145962815084 
0.8611931345271842  0.826715261785921  0.7954951408883062  0.7673437886874126  0.7421040099357015  0.7196369528614923  0.6998132453381913  0.682507361324042  0.6675942654428582  0.654947661638289 
0.8943373198721929  0.8800815702111322  0.8671350417885151  0.8554419718288955  0.8449514467324661  0.835614528115002  0.8273824870966564  0.820205816656653  0.8140337849008574  0.8088143593236055 
0.9007546878965513  0.880009285207052  0.8612623502640417  0.8443806015848168  0.8292496450790168  0.8157675218453733  0.803840380825477  0.7933796423103558  0.7843002058834827  0.7765193866825939 
0.8492282318670732  0.8354346271707982  0.822813187556676  0.8113506243066695  0.8010293063657627  0.7918263888232104  0.7837135392705932  0.7766570797284658  0.7706184213529923  0.7655546813348337 
0.8766235353468801  0.8522043865546038  0.8301716138598749  0.8103906787514461  0.7927496173088002  0.777149019744229  0.7634954867521628  0.7516975183020804  0.741663117411008  0.733298591129369 
0.8589413179911389  0.8658942000020033  0.8723150029991302  0.8783260348045587  0.8840104590794908  0.8894236768637711  0.8946015498290762  0.8995663949858681  0.9043313767697327  0.9089037151361481 
0.870308598453903  0.8586778974913614  0.8481822246867523  0.8387959385263457  0.8304898044852962  0.8232302895598878  0.8169793991360166  0.8116948987490105  0.807330793410074  0.8038379635431738 
0.8598890511630088  0.854903738576013  0.8503435111206272  0.8462455467142718  0.8426309304772985  0.839508254572138  0.8368763978237439  0.8347267257508975  0.8330448640285795  0.8318121400507152 
0.8867524946285812  0.8547190142994623  0.8257658086663469  0.7996988807858543  0.7763555614255893  0.7555922127799022  0.7372760912026024  0.7212801348246103  0.7074798045969146  0.6957513611187096 
0.8628835980593976  0.851803435515194  0.8417847539712966  0.8328152808949199  0.824875201602481  0.8179376945677177  0.8119696530943656  0.8069325418464359  0.8027833227411065  0.7994754086039393 
0.8587276792773082  0.8324777991797419  0.8084579097712776  0.7865771552869774  0.7667568548490635  0.7489238928233135  0.7330064674270034  0.7189315251807784  0.706623384172417  0.6960031940784575 
0.8995753460235392  0.9064433956891662  0.9129457802109755  0.9191507557543446  0.9251017714914269  0.9308249275463822  0.9363343858294684  0.9416363248951711  0.9467318327378962  0.9516190169879337 
0.8961187506824899  0.9149305612309035  0.932156584789027  0.9479712706033752  0.9625050893632761  0.9758580956768128  0.9881095349269344  0.9993246530743818  1.0095594923755016  1.0188642334182987 
0.8785612146866697  0.8708867657751398  0.8641052016546382  0.8582005740331624  0.8531514955948296  0.8489311510343214  0.8455076445520717  0.8428445665626896  0.8409016973982943  0.8396357798878853 
0.8793700109490601  0.8378184586999851  0.8001000295471385  0.7659679822686485  0.7352211728161819  0.7076865005874424  0.6832071124549657  0.6616346656287533  0.6428244682283548  0.6266326522686541 
0.8696883301659  0.8537977296268764  0.839312758658707  0.8261893129665623  0.8143863819632315  0.8038629105167274  0.7945759289154921  0.786479576491729  0.7795247503586324  0.7736591816851615 
0.8792890686399915  0.868140128610321  0.858038382894847  0.8489594728653174  0.8408751594956811  0.8337531961351488  0.8275575167713214  0.8222486378836038  0.8177841992537651  0.8141195761559175 
0.8878102548314928  0.8771591362219624  0.8675425151486706  0.8589348052473724  0.8513072707896754  0.8446275699484431  0.8388597208759165  0.8339643648864694  0.8298992169111443  0.8266196289296204 
0.8981426051000199  0.8672549649381835  0.8392115013598413  0.8138258722519822  0.7909431076868714  0.7704281331698439  0.7521580465172519  0.7360170366027887  0.7218931721977242  0.709676501179274 
0.8388906695663536  0.8321796571804043  0.825774529242608  0.819761206711064  0.8142010300966831  0.8091359477189144  0.8045924391999506  0.800584581748808  0.797116504173573  0.7941843874264123 
0.8923486210151168  0.8698114424314554  0.8495939602617  0.8315557660748709  0.8155776753333157  0.801552746246216  0.7893804299110343  0.7789629155204238  0.7702030095865666  0.7630030858476857 
