-0.010216402853529843  0.0838140471441875  0.16869939058642558  0.2453943081932266  0.31472376709507444  0.37740798975028156  0.4340814654742644  0.4853076135723313  0.5315902222364457  0.5733824544549861 
-0.003624585298439339  0.07868462160422496  0.1537719075813584  0.22233507759528948  0.28498011404371937  0.3422388982253324  0.39458267853524376  0.4424324413398608  0.4861669889928635  0.5261292876080006 
0.056823122566584075  0.11002779895170534  0.15996797874868207  0.20688617731229897  0.2510137152976313  0.2925675510605288  0.33174859040946103  0.36874100930026543  0.40371228567983053  0.43681371459206275 
0.01792083415784873  0.10012229735229994  0.1749746302730273  0.24320463347385157  0.30543846204272995  0.3622221212513068  0.4140368927310192  0.46131109054249464  0.5044291126896496  0.5437384711226514 
0.01957613468312048  0.09598989271671599  0.1659307452482608  0.23001171772057205  0.2887737103728796  0.34269701906032424  0.3922104190482969  0.4376984481823456  0.4795073250747919  0.5179498226889336 
0.013669546282017116  0.08541262283961262  0.15137078429097528  0.21207365704049153  0.26799321234284434  0.319551907915411  0.3671292512999571  0.41106718358014405  0.45167455702176085  0.4892309128636043 
0.09160215887368395  0.14838817851887143  0.20109307443453872  0.2500676071358612  0.29562741892141275  0.3380572203614065  0.37761427942405135  0.414531385666578  0.4490194049535603  0.4812695144855752 
-0.010877466774218164  0.07441536857277242  0.15198959658937383  0.22259437299999263  0.2868855464257649  0.3454426126481849  0.39878172330281814  0.44736579248683483  0.49161243345770345  0.5319002531050501 
0.011843546934415063  0.08545210748343379  0.15305777827825295  0.21520862380248218  0.2723957463840634  0.3250603320029768  0.3735995504493985  0.4183715646931887  0.4596998346514738  0.4978768544342529 
0.005857191182258277  0.0729781874119908  0.13495813593272032  0.19225720785334488  0.24528324731227258  0.2944000525858428  0.33993387534201247  0.38217860652684976  0.4213999833300477  0.4578390446827143 
0.12417453305579329  0.1716372872701868  0.2161480001095697  0.2579211891165869  0.2971584942165464  0.3340480360939182  0.3687642970417073  0.40146834957431565  0.43230831422852134  0.4614199723855563 
0.06866460835544785  0.12367765383805818  0.17498626152564611  0.22288228835896007  0.2676315167818757  0.3094763072940623  0.34863789365408593  0.38531839061852224  0.4197025711468996  0.45195945052319075 
0.03627240403238831  0.09817956717915877  0.15559528887570195  0.20889465443906374  0.25841676857089624  0.304468977641136  0.34733040083528977  0.3872549268530747  0.42447379141867714  0.4591978173184543 
0.056158976138704034  0.1197078109485119  0.17850301822909387  0.23293854917574208  0.28338249164880835  0.33017597614707483  0.37363311226363294  0.4140416060486132  0.45166381909530173  0.4867381073163415 
0.10636468731127025  0.15929645035021167  0.2087390083270293  0.2549562655767659  0.29819486945461904  0.3386836229637993  0.3766335536452061  0.4122384056026931  0.4456754087832451  0.4771062227687253 
0.09268559531938081  0.16071382036307114  0.22310785465697336  0.28039672115119174  0.33304595082063315  0.3814682742754485  0.42603193373543036  0.46706725175545216  0.5048719034889473  0.5397151977954309 
0.028833450697675317  0.09452823188985351  0.15516997123631882  0.21121159827634983  0.2630601227756415  0.31108207495526585  0.35560805814930063  0.39693662423451315  0.4353376265348743  0.4710551474645399 
0.028092417297557404  0.09875707691526261  0.16369888946064748  0.22344245442445754  0.278457248583436  0.32916476699347186  0.3759443972317058  0.4191383261977535  0.45905570057675504  0.49597619135602145 
0.05478788616164823  0.11752148175537513  0.17550880011503978  0.22915913263068433  0.2788371529559299  0.3248699930222756  0.3675527708978734  0.4071529715461111  0.4439139724818233  0.47805791513474105 
0.0066724052712743296  0.08583912392487036  0.15809228378520856  0.2241144646027351  0.28450444516101925  0.3397910904195669  0.3904442093707985  0.4368831872543524  0.4794839549399512  0.5185846933986795 
0.053290700885554564  0.11806514734962548  0.17785916603634178  0.23310701012724167  0.28420271392042196  0.3315040238508118  0.3753358432991263  0.41599327823496424  0.4537443652006914  0.4888325215288205 
0.04048849350601813  0.11375977688976491  0.18085043222163222  0.24232979660018827  0.29870330480980556  0.3504226572758853  0.39789378547629894  0.44148318881843807  0.48152303988536005  0.5183153521202257 
0.03081467582751432  0.10858140339541933  0.17961598621786834  0.24456753996082625  0.30399595997187134  0.3583901609304121  0.40818179355801476  0.45375569100633584  0.49545790237607434  0.5336019242608927 
0.03202075304534449  0.09629599340860295  0.1557387629131881  0.21077770264673745  0.2617967755359132  0.3091410122724483  0.35312122939876645  0.3940179713717953  0.4320848613187991  0.46755148640704647 
0.01735490081364334  0.08945281329806676  0.15571188587819051  0.21666991348274678  0.2727999037583686  0.32452119175650296  0.37220806635423287  0.41619656678994943  0.4567899120488619  0.4942628920352945 
-0.020992366059090238  0.06288038554976086  0.1392639863374825  0.20891118362987982  0.27247570628424  0.33053051472143125  0.38358179505257795  0.43207984924356424  0.4764276805062764  0.5169878451088152 
0.06635937432838547  0.12109632091642197  0.1723481532767437  0.2203679327349164  0.2654019464089288  0.30768455556290064  0.3474351388067589  0.3848564867425921  0.42013419619797787  0.4534367656797258 
-0.029017287639817355  0.04933642255855378  0.12107510995838311  0.18684054957793705  0.24719015652954113  0.3026128947349207  0.3535414060306721  0.40036139343419563  0.4434189729099671  0.4830265041491657 
0.01903498722049335  0.09203570889530965  0.15905840305185848  0.22065761769772507  0.27732581336613293  0.32950248183260555  0.3775814374021138  0.4219167742267018  0.4628277909873759  0.5006031143179825 
0.021258747191041052  0.09563257886475185  0.163759072321227  0.2262240138074958  0.28354664751168457  0.336189897692293  0.3845684657367201  0.42905535591535227  0.46998719418388646  0.5076686343782058 
0.11075956031481837  0.16860202791440315  0.2221341948538793  0.27172273290125304  0.31769551316847355  0.36034750134467686  0.39994540365660214  0.43673137275254703  0.4709260136392004  0.5027308512089803 
0.10437530271110518  0.15732389527875057  0.20682016708042283  0.2531209204139486  0.29646854853444893  0.33708944689669806  0.37519337895992066  0.4109734703420145  0.4446066349655666  0.4762542758235213 
0.008807950929167432  0.08198652212377056  0.14912619865390297  0.21078331577291465  0.2674516672968821  0.31957230099669687  0.3675412107018019  0.41171547940712117  0.45241825617586073  0.48994283438878483 
0.07213297606631386  0.13565933170730204  0.19430585869577044  0.2484975488719101  0.2986169644632355  0.3450095029811564  0.3879877491417574  0.42783512573214466  0.46480900649930845  0.49914339682209174 
0.04297729518475535  0.11108843206420715  0.1738166174059188  0.2316386387892635  0.28499179804475716  0.33427563636314517  0.37985402100821375  0.4220574041742111  0.46118516916840235  0.4975079745199764 
0.08969526372175099  0.14607853890174738  0.19851604100813347  0.24732463447071495  0.29279779775697534  0.33520607207810826  0.374797904188199  0.4118007208248855  0.44642215290514287  0.4788513242474437 
0.0457338446913127  0.1202798383596928  0.18851617510426877  0.25103179065445147  0.3083376823619801  0.36088256735274626  0.40906469315677896  0.45324084677849896  0.4937332928611795  0.5308351577864414 
-0.0014773143757338125  0.0720217199236686  0.13952552674345498  0.2015841826491851  0.25868826167743464  0.31127723403506025  0.3597462394041031  0.40445162962532777  0.4457155818940919  0.48382997558155694 
0.08800203651026095  0.14441805958631448  0.19697177117313913  0.24596107744946494  0.2916682282088914  0.33435742595065676  0.3742736857007003  0.4116425637844259  0.44667046316908454  0.4795453357846782 
0.0037761485586997948  0.07903895335948621  0.1480300172815987  0.21132903501757028  0.2694542777189781  0.32287076041347973  0.37199693007187307  0.41721023285026604  0.45885179315155256  0.4972304106363481 
0.10656486984862568  0.1612953237381589  0.21224569503920065  0.25971172166100587  0.3039710633752293  0.3452822878793995  0.38388462958300806  0.41999826501614734  0.45382494112891436  0.48554882562575585 
-0.00019436912361924484  0.07252221731141617  0.13932613189672338  0.20077225960312717  0.2573493115310157  0.30949070219639907  0.35758304387718454  0.40197290816968234  0.4429722769154978  0.48086299826400136 
0.09856190863365555  0.15940255933492153  0.21566436626335417  0.2677191691313965  0.31591042592572194  0.3605546093021985  0.40194275837029636  0.44034208517223306  0.47599757608259097  0.5091335604115557 
0.06979637924223431  0.12789462357295633  0.18188110217670328  0.23210452773219004  0.2788796473973889  0.3224909096124975  0.3631956141553019  0.4012266620347873  0.43679498555866303  0.47009171736453936 
0.08296237626927905  0.13919906077808264  0.1915771455023787  0.2403992753907005  0.28594375183138254  0.32846607979854525  0.3682005251184819  0.40536165497178445  0.44014582131785573  0.47273258796258233 
0.07410526668172682  0.13141485426876898  0.18480331577711695  0.2345733415322684  0.28101402354741367  0.32439725726226243  0.3649758071614997  0.40298251073954816  0.43863024959910035  0.47211247191489747 
0.010060750179036418  0.0855042282123577  0.15465755456125407  0.2181175174391683  0.27640550564092337  0.32998114609290496  0.37925277431304494  0.4245856024281238  0.46630818071525937  0.5047175663626149 
0.03265406601576615  0.09634547693258355  0.15525818466676355  0.20980291707110155  0.26034729663570033  0.30722211520787823  0.35072632347555555  0.39113105589513  0.4286829343309364  0.46360680835823587 
0.004044398986934674  0.07874331591074227  0.1472608564095026  0.21018313279773793  0.2680270386927077  0.3212512096010869  0.3702646645101595  0.41543374982757086  0.4570877928686059  0.4955237828526151 
0.10002093168031939  0.15480260588992678  0.20580448549799257  0.25332434094343625  0.29764463888204773  0.3390300327132536  0.377726109453306  0.41395899394137814  0.44793554707985095  0.47984397616210117 
