0.5193803210895567
0.46569645767567636
0.5361140454315318
0.47485189273038486
0.5236083867916932
0.5217466730423439
0.5128162609398714
0.48266647764967274
0.5346156060463727
0.4739116985488181
0.4945783047501209
0.46949326014873805
0.49104436858306144
0.5870240453928091
0.5062953460592325
0.5505822424252074
0.5197473534403798
0.541466473433502
0.4710622406978473
0.5450588900189359
0.5513749307110629
0.5196923700632397
0.449334525015729
0.5251465347610065
0.4848008843587195
0.5128757705538192
0.5683287700762776
0.46690366074562917
0.5295888412920249
0.5206275518830807
0.4989030475085201
0.5310052477680074
0.502064313894607
0.5289512540489341
0.5979754338554812
0.5341878769772848
0.44836245071655867
0.5225107441865475
0.5685678086738335
0.5298295172256076
0.570724398765833
0.4973764781070713
0.5436510611125414
0.5144403493623031
0.5160550048490222
0.5789593275162588
0.5003777264241762
0.46883082303884294
0.5152601273775872
0.5859357011840984
